# Blender v2.72 (sub 0) OBJ File: 'snowflake2_blend'
# www.blender.org
mtllib snowflake2_mtl
o Circle
v 0.203704 -0.909523 -0.674794
v 0.203704 -0.909523 -0.758127
v 0.287037 -0.909523 -0.758127
v 0.287037 -0.909523 -0.674794
v 0.203704 0.957144 -0.674794
v 0.203704 0.957144 -0.758127
v 0.287037 0.957144 -0.758127
v 0.287037 0.957144 -0.674794
v 0.195711 -0.630973 -0.645711
v 0.198496 -0.199257 -0.669585
v 0.198496 0.202457 -0.669585
v 0.185611 0.659797 -0.630210
v 0.165863 0.657507 -0.779076
v 0.198496 0.202457 -0.763335
v 0.198496 -0.199257 -0.763335
v 0.193287 -0.613619 -0.768544
v 0.316243 0.656676 -0.800445
v 0.292246 0.202457 -0.763335
v 0.292246 -0.199257 -0.763335
v 0.317398 -0.635739 -0.761332
v 0.335991 0.658965 -0.651580
v 0.292246 0.202457 -0.669585
v 0.292246 -0.199257 -0.669585
v 0.319822 -0.653093 -0.638500
v 0.198496 0.000733 -0.669585
v 0.198496 0.000733 -0.763335
v 0.292246 0.000733 -0.763335
v 0.292246 0.000733 -0.669585
v 0.185611 0.451167 -0.630210
v 0.165863 0.448878 -0.779076
v 0.316243 0.448047 -0.800445
v 0.335991 0.450336 -0.651580
v 0.195711 -0.416554 -0.645711
v 0.193287 -0.399200 -0.768544
v 0.317398 -0.421320 -0.761332
v 0.319822 -0.438674 -0.638500
v 0.158808 -0.453689 -0.672543
v 0.158808 -0.453689 -0.766293
v 0.158808 -0.603749 -0.766293
v 0.158808 -0.603749 -0.672543
v 0.212880 -0.447744 -0.805479
v 0.306630 -0.447744 -0.805479
v 0.306630 -0.597804 -0.805479
v 0.212880 -0.597804 -0.805479
v 0.022454 -0.629150 -0.694510
v 0.022454 -0.629150 -0.777843
v 0.022454 -0.762536 -0.777843
v 0.022454 -0.762536 -0.694510
v 0.299597 -0.589517 -0.955750
v 0.382930 -0.589517 -0.955750
v 0.382930 -0.722904 -0.955750
v 0.299597 -0.722904 -0.955750
v 0.507313 -0.653736 -0.686009
v 0.507313 -0.653736 -0.602676
v 0.507313 -0.787123 -0.602676
v 0.507313 -0.787123 -0.686009
v 0.311278 -0.606073 -0.467305
v 0.227944 -0.606073 -0.467305
v 0.227944 -0.739459 -0.467305
v 0.311278 -0.739459 -0.467305
v -0.025294 0.761805 -0.572656
v -0.025294 0.761805 -0.655990
v -0.025294 0.637667 -0.655990
v -0.025294 0.637667 -0.572656
v 0.137625 0.744096 -0.986418
v 0.220959 0.744096 -0.986418
v 0.220959 0.619958 -0.986418
v 0.137625 0.619958 -0.986418
v 0.561841 0.753495 -0.869687
v 0.561841 0.753495 -0.786353
v 0.561841 0.629357 -0.786353
v 0.561841 0.629357 -0.869687
v 0.418436 0.766987 -0.414431
v 0.335103 0.766987 -0.414431
v 0.335103 0.642849 -0.414431
v 0.418436 0.642849 -0.414431
v 0.203704 -0.086429 -1.577074
v 0.203704 -0.003096 -1.577074
v 0.287037 -0.003096 -1.577074
v 0.287037 -0.086429 -1.577074
v 0.203704 -0.086429 0.289593
v 0.203704 -0.003096 0.289593
v 0.287037 -0.003096 0.289593
v 0.287037 -0.086429 0.289593
v 0.195711 -0.115512 -1.298523
v 0.198496 -0.091638 -0.866807
v 0.198496 -0.091638 -0.465093
v 0.185611 -0.131013 -0.007754
v 0.165863 0.017853 -0.010043
v 0.198496 0.002112 -0.465093
v 0.198496 0.002112 -0.866807
v 0.193287 0.007321 -1.281169
v 0.316243 0.039222 -0.010874
v 0.292246 0.002112 -0.465093
v 0.292246 0.002112 -0.866807
v 0.317398 0.000109 -1.303290
v 0.335991 -0.109643 -0.008585
v 0.292246 -0.091638 -0.465093
v 0.292246 -0.091638 -0.866807
v 0.319822 -0.122723 -1.320644
v 0.198496 -0.091638 -0.666817
v 0.198496 0.002112 -0.666817
v 0.292246 0.002112 -0.666817
v 0.292246 -0.091638 -0.666817
v 0.185611 -0.131013 -0.216383
v 0.165863 0.017853 -0.218673
v 0.316243 0.039222 -0.219504
v 0.335991 -0.109643 -0.217214
v 0.195711 -0.115512 -1.084104
v 0.193287 0.007321 -1.066751
v 0.317398 0.000109 -1.088871
v 0.319822 -0.122723 -1.106225
v 0.158808 -0.088680 -1.121240
v 0.158808 0.005070 -1.121240
v 0.158808 0.005070 -1.271300
v 0.158808 -0.088680 -1.271300
v 0.212880 0.044256 -1.115295
v 0.306630 0.044256 -1.115295
v 0.306630 0.044256 -1.265355
v 0.212880 0.044256 -1.265355
v 0.022454 -0.066713 -1.296700
v 0.022454 0.016620 -1.296700
v 0.022454 0.016620 -1.430087
v 0.022454 -0.066713 -1.430087
v 0.299597 0.194527 -1.257067
v 0.382930 0.194527 -1.257067
v 0.382930 0.194527 -1.390454
v 0.299597 0.194527 -1.390454
v 0.507313 -0.075214 -1.321287
v 0.507313 -0.158547 -1.321287
v 0.507313 -0.158547 -1.454673
v 0.507313 -0.075214 -1.454673
v 0.311278 -0.293918 -1.273623
v 0.227944 -0.293918 -1.273623
v 0.227944 -0.293918 -1.407010
v 0.311278 -0.293918 -1.407010
v -0.025294 -0.188566 0.094254
v -0.025294 -0.105233 0.094254
v -0.025294 -0.105233 -0.029884
v -0.025294 -0.188566 -0.029884
v 0.137625 0.225196 0.076546
v 0.220959 0.225196 0.076546
v 0.220959 0.225196 -0.047592
v 0.137625 0.225196 -0.047592
v 0.561841 0.108464 0.085944
v 0.561841 0.025130 0.085944
v 0.561841 0.025130 -0.038194
v 0.561841 0.108464 -0.038194
v 0.418436 -0.346792 0.099437
v 0.335103 -0.346792 0.099437
v 0.335103 -0.346792 -0.024701
v 0.418436 -0.346791 -0.024701
v -0.603535 -0.086429 -0.658939
v -0.603535 -0.003096 -0.658939
v -0.603535 -0.003096 -0.742272
v -0.603535 -0.086429 -0.742272
v 1.263132 -0.086429 -0.658939
v 1.263132 -0.003096 -0.658939
v 1.263132 -0.003096 -0.742272
v 1.263132 -0.086429 -0.742272
v -0.324985 -0.115512 -0.650946
v 0.106732 -0.091638 -0.653731
v 0.508446 -0.091638 -0.653731
v 0.965785 -0.131013 -0.640846
v 0.963496 0.017853 -0.621098
v 0.508446 0.002112 -0.653731
v 0.106732 0.002112 -0.653731
v -0.307631 0.007321 -0.648522
v 0.962665 0.039222 -0.771478
v 0.508446 0.002112 -0.747481
v 0.106732 0.002112 -0.747481
v -0.329751 0.000109 -0.772633
v 0.964954 -0.109643 -0.791226
v 0.508446 -0.091638 -0.747481
v 0.106732 -0.091638 -0.747481
v -0.347105 -0.122723 -0.775057
v 0.306722 -0.091638 -0.653731
v 0.306722 0.002112 -0.653731
v 0.306722 0.002112 -0.747481
v 0.306722 -0.091638 -0.747481
v 0.757155 -0.131013 -0.640846
v 0.754866 0.017853 -0.621098
v 0.754035 0.039222 -0.771478
v 0.756324 -0.109643 -0.791226
v -0.110566 -0.115512 -0.650946
v -0.093212 0.007321 -0.648522
v -0.115332 0.000109 -0.772633
v -0.132686 -0.122723 -0.775057
v -0.147701 -0.088680 -0.614043
v -0.147701 0.005070 -0.614043
v -0.297761 0.005070 -0.614043
v -0.297761 -0.088680 -0.614043
v -0.141756 0.044256 -0.668115
v -0.141756 0.044256 -0.761865
v -0.291816 0.044256 -0.761865
v -0.291816 0.044256 -0.668115
v -0.323161 -0.066713 -0.477689
v -0.323162 0.016620 -0.477689
v -0.456548 0.016620 -0.477689
v -0.456548 -0.066713 -0.477689
v -0.283529 0.194527 -0.754832
v -0.283529 0.194527 -0.838165
v -0.416915 0.194527 -0.838165
v -0.416915 0.194527 -0.754832
v -0.347748 -0.075214 -0.962548
v -0.347748 -0.158547 -0.962548
v -0.481135 -0.158547 -0.962548
v -0.481135 -0.075214 -0.962548
v -0.300084 -0.293918 -0.766512
v -0.300084 -0.293918 -0.683179
v -0.433471 -0.293918 -0.683179
v -0.433471 -0.293918 -0.766512
v 1.067793 -0.188566 -0.429941
v 1.067793 -0.105233 -0.429941
v 0.943655 -0.105233 -0.429941
v 0.943655 -0.188566 -0.429941
v 1.050085 0.225196 -0.592860
v 1.050085 0.225196 -0.676193
v 0.925947 0.225196 -0.676193
v 0.925947 0.225196 -0.592860
v 1.059483 0.108464 -1.017075
v 1.059483 0.025130 -1.017075
v 0.935345 0.025130 -1.017075
v 0.935345 0.108464 -1.017075
v 1.072975 -0.346792 -0.873671
v 1.072975 -0.346792 -0.790337
v 0.948837 -0.346792 -0.790338
v 0.948837 -0.346791 -0.873671
v 0.254537 -0.401989 -0.686720
v 0.230278 -0.401989 -0.710978
v 0.254537 -0.401989 -0.735237
v 0.278795 -0.401989 -0.710978
v 0.254537 0.366485 -0.686720
v 0.230278 0.366485 -0.710978
v 0.254537 0.366485 -0.735237
v 0.278795 0.366485 -0.710978
v 0.260676 -0.287315 -0.675927
v 0.254537 -0.109585 -0.683687
v 0.254537 0.055794 -0.683687
v 0.262248 0.244072 -0.668474
v 0.213164 0.243130 -0.706061
v 0.227246 0.055794 -0.710978
v 0.227246 -0.109585 -0.710978
v 0.224213 -0.280171 -0.710978
v 0.250719 0.242788 -0.756058
v 0.254537 0.055794 -0.738269
v 0.254537 -0.109585 -0.738269
v 0.262442 -0.289277 -0.745008
v 0.299803 0.243730 -0.718471
v 0.281828 0.055794 -0.710978
v 0.281828 -0.109585 -0.710978
v 0.298904 -0.296421 -0.709957
v 0.254537 -0.027253 -0.683687
v 0.227246 -0.027253 -0.710978
v 0.254537 -0.027253 -0.738269
v 0.281828 -0.027253 -0.710978
v 0.262248 0.158183 -0.668474
v 0.213164 0.157241 -0.706061
v 0.250719 0.156898 -0.756058
v 0.299803 0.157841 -0.718471
v 0.260676 -0.199042 -0.675927
v 0.224213 -0.191898 -0.710978
v 0.262442 -0.201005 -0.745008
v 0.298904 -0.208149 -0.709957
v 0.242123 -0.214330 -0.672995
v 0.214832 -0.214330 -0.700286
v 0.214832 -0.276107 -0.700286
v 0.242123 -0.276107 -0.672995
v 0.219165 -0.211883 -0.727434
v 0.246456 -0.211883 -0.754725
v 0.246456 -0.273660 -0.754725
v 0.219165 -0.273660 -0.727434
v 0.196035 -0.286564 -0.639697
v 0.171776 -0.286564 -0.663955
v 0.171776 -0.341477 -0.663955
v 0.196035 -0.341477 -0.639697
v 0.200664 -0.270248 -0.796422
v 0.224923 -0.270248 -0.820680
v 0.224923 -0.325161 -0.820680
v 0.200664 -0.325161 -0.796422
v 0.339653 -0.296686 -0.778366
v 0.363912 -0.296686 -0.754108
v 0.363912 -0.351599 -0.754108
v 0.339653 -0.351599 -0.778366
v 0.346252 -0.277064 -0.657634
v 0.321994 -0.277064 -0.633375
v 0.321994 -0.331977 -0.633375
v 0.346252 -0.331977 -0.657634
v 0.217607 0.286067 -0.590325
v 0.193348 0.286067 -0.614584
v 0.193348 0.234962 -0.614584
v 0.217607 0.234962 -0.590325
v 0.144586 0.278777 -0.758199
v 0.168844 0.278777 -0.782457
v 0.168844 0.227671 -0.782457
v 0.144586 0.227671 -0.758199
v 0.302057 0.282646 -0.847708
v 0.326316 0.282646 -0.823450
v 0.326316 0.231540 -0.823450
v 0.302057 0.231540 -0.847708
v 0.392838 0.288200 -0.673437
v 0.368579 0.288200 -0.649178
v 0.368579 0.237095 -0.649178
v 0.392838 0.237095 -0.673437
v -0.008120 -0.063136 -0.949376
v -0.008120 -0.028829 -0.949376
v 0.016138 -0.028829 -0.973635
v 0.016138 -0.063136 -0.973635
v 0.535273 -0.063136 -0.405983
v 0.535273 -0.028829 -0.405983
v 0.559531 -0.028829 -0.430242
v 0.559531 -0.063136 -0.430242
v 0.070640 -0.075109 -0.865963
v 0.197125 -0.065280 -0.741099
v 0.314065 -0.065280 -0.624159
v 0.443447 -0.081490 -0.487275
v 0.437032 -0.020205 -0.482193
v 0.314065 -0.026685 -0.624159
v 0.197125 -0.026685 -0.741099
v 0.074986 -0.024541 -0.860205
v 0.480566 -0.011407 -0.526211
v 0.341356 -0.026685 -0.651450
v 0.224416 -0.026685 -0.768390
v 0.104676 -0.027510 -0.902774
v 0.486981 -0.072693 -0.531293
v 0.341356 -0.065280 -0.651450
v 0.224416 -0.065280 -0.768390
v 0.100330 -0.078078 -0.908531
v 0.255342 -0.065280 -0.682881
v 0.255342 -0.026685 -0.682881
v 0.282633 -0.026685 -0.710172
v 0.282633 -0.065280 -0.710172
v 0.382714 -0.081490 -0.548008
v 0.376299 -0.020205 -0.542926
v 0.419834 -0.011407 -0.586944
v 0.426249 -0.072693 -0.592026
v 0.133058 -0.075109 -0.803545
v 0.137404 -0.024541 -0.797787
v 0.167094 -0.027510 -0.840356
v 0.162748 -0.078078 -0.846113
v 0.111505 -0.064063 -0.803612
v 0.111505 -0.025467 -0.803612
v 0.067822 -0.025467 -0.847295
v 0.067822 -0.064063 -0.847295
v 0.128976 -0.009335 -0.817622
v 0.156267 -0.009335 -0.844913
v 0.112584 -0.009335 -0.888596
v 0.085293 -0.009335 -0.861305
v 0.020735 -0.055019 -0.814996
v 0.020735 -0.020712 -0.814996
v -0.018094 -0.020712 -0.853826
v -0.018094 -0.055019 -0.853826
v 0.112950 0.052529 -0.884136
v 0.137208 0.052529 -0.908395
v 0.098379 0.052529 -0.947224
v 0.074120 0.052529 -0.922966
v 0.154722 -0.058519 -0.963298
v 0.154722 -0.092826 -0.963298
v 0.115893 -0.092826 -1.002127
v 0.115893 -0.058519 -1.002127
v 0.111530 -0.148556 -0.892356
v 0.087272 -0.148556 -0.868097
v 0.048442 -0.148556 -0.906927
v 0.072701 -0.148556 -0.931185
v 0.411747 -0.105184 -0.396185
v 0.411747 -0.070877 -0.396185
v 0.375610 -0.070877 -0.432322
v 0.375610 -0.105184 -0.432322
v 0.454018 0.065154 -0.448766
v 0.478277 0.065154 -0.473025
v 0.442140 0.065154 -0.509162
v 0.417881 0.065154 -0.484903
v 0.580245 0.017098 -0.569521
v 0.580245 -0.017209 -0.569521
v 0.544108 -0.017209 -0.605658
v 0.544108 0.017098 -0.605658
v 0.542427 -0.170322 -0.523848
v 0.518168 -0.170322 -0.499589
v 0.482031 -0.170322 -0.535726
v 0.506290 -0.170322 -0.559985
v 0.024162 -0.063136 -0.447114
v 0.024162 -0.028829 -0.447114
v -0.000097 -0.028829 -0.471373
v -0.000097 -0.063136 -0.471373
v 0.567555 -0.063136 -0.990507
v 0.567555 -0.028829 -0.990507
v 0.543296 -0.028829 -1.014766
v 0.543296 -0.063136 -1.014766
v 0.107576 -0.075109 -0.525874
v 0.232439 -0.065280 -0.652359
v 0.349379 -0.065280 -0.769300
v 0.486263 -0.081490 -0.898682
v 0.491346 -0.020205 -0.892267
v 0.349379 -0.026685 -0.769299
v 0.232439 -0.026685 -0.652359
v 0.113333 -0.024541 -0.530221
v 0.447327 -0.011407 -0.935801
v 0.322088 -0.026685 -0.796590
v 0.205148 -0.026685 -0.679650
v 0.070765 -0.027510 -0.559911
v 0.442245 -0.072693 -0.942216
v 0.322088 -0.065280 -0.796590
v 0.205148 -0.065280 -0.679650
v 0.065007 -0.078078 -0.555564
v 0.290657 -0.065280 -0.710577
v 0.290657 -0.026685 -0.710577
v 0.263366 -0.026685 -0.737868
v 0.263366 -0.065280 -0.737868
v 0.425530 -0.081490 -0.837949
v 0.430613 -0.020205 -0.831534
v 0.386595 -0.011407 -0.875068
v 0.381512 -0.072693 -0.881483
v 0.169994 -0.075109 -0.588293
v 0.175751 -0.024541 -0.592639
v 0.133183 -0.027510 -0.622329
v 0.127425 -0.078078 -0.617982
v 0.169926 -0.064063 -0.566740
v 0.169926 -0.025467 -0.566740
v 0.126243 -0.025467 -0.523057
v 0.126243 -0.064063 -0.523057
v 0.155916 -0.009335 -0.584211
v 0.128625 -0.009335 -0.611502
v 0.084942 -0.009335 -0.567819
v 0.112233 -0.009335 -0.540528
v 0.158542 -0.055019 -0.475970
v 0.158542 -0.020712 -0.475970
v 0.119713 -0.020712 -0.437140
v 0.119713 -0.055019 -0.437140
v 0.089402 0.052529 -0.568184
v 0.065143 0.052529 -0.592443
v 0.026314 0.052529 -0.553613
v 0.050573 0.052529 -0.529355
v 0.010241 -0.058519 -0.609956
v 0.010241 -0.092826 -0.609956
v -0.028589 -0.092826 -0.571127
v -0.028589 -0.058519 -0.571127
v 0.081182 -0.148556 -0.566765
v 0.105441 -0.148556 -0.542506
v 0.066612 -0.148556 -0.503677
v 0.042353 -0.148556 -0.527935
v 0.577353 -0.105184 -0.866981
v 0.577353 -0.070877 -0.866981
v 0.541216 -0.070877 -0.830844
v 0.541216 -0.105184 -0.830844
v 0.524772 0.065154 -0.909253
v 0.500513 0.065154 -0.933511
v 0.464376 0.065154 -0.897374
v 0.488635 0.065154 -0.873116
v 0.404017 0.017098 -1.035479
v 0.404017 -0.017209 -1.035479
v 0.367880 -0.017209 -0.999342
v 0.367880 0.017098 -0.999342
v 0.449690 -0.170322 -0.997661
v 0.473949 -0.170322 -0.973403
v 0.437812 -0.170322 -0.937266
v 0.413554 -0.170322 -0.961524
v 0.254537 -0.317531 -0.945954
v 0.230278 -0.300377 -0.963108
v 0.254537 -0.283224 -0.980261
v 0.278795 -0.300377 -0.963108
v 0.254537 0.225862 -0.402561
v 0.230278 0.243016 -0.419715
v 0.254537 0.260169 -0.436868
v 0.278795 0.243016 -0.419715
v 0.260676 -0.244075 -0.857236
v 0.254537 -0.112914 -0.737049
v 0.254537 0.004026 -0.620109
v 0.262248 0.126402 -0.476218
v 0.213164 0.152314 -0.503463
v 0.227246 0.023324 -0.639406
v 0.227246 -0.093616 -0.756347
v 0.224213 -0.214238 -0.876969
v 0.250719 0.187425 -0.539058
v 0.254537 0.042622 -0.658704
v 0.254537 -0.074319 -0.775644
v 0.262442 -0.196615 -0.907471
v 0.299803 0.161513 -0.511814
v 0.281828 0.023324 -0.639406
v 0.281828 -0.093616 -0.756347
v 0.298904 -0.226452 -0.887738
v 0.254537 -0.054696 -0.678831
v 0.227246 -0.035398 -0.698129
v 0.254537 -0.016101 -0.717426
v 0.281828 -0.035398 -0.698129
v 0.262248 0.065669 -0.536951
v 0.213164 0.091581 -0.564195
v 0.250719 0.126692 -0.599790
v 0.299803 0.100781 -0.572546
v 0.260676 -0.181657 -0.794818
v 0.224213 -0.151820 -0.814551
v 0.262442 -0.134197 -0.845053
v 0.298904 -0.164034 -0.825320
v 0.242123 -0.194541 -0.803555
v 0.214832 -0.175243 -0.822852
v 0.214832 -0.218926 -0.866535
v 0.242123 -0.238223 -0.847238
v 0.219165 -0.154316 -0.840318
v 0.246456 -0.135018 -0.859616
v 0.246456 -0.178701 -0.903298
v 0.219165 -0.197999 -0.884001
v 0.196035 -0.269163 -0.831086
v 0.171776 -0.252010 -0.848240
v 0.171776 -0.290839 -0.887069
v 0.196035 -0.307993 -0.869915
v 0.200664 -0.146805 -0.930370
v 0.224923 -0.129651 -0.947524
v 0.224923 -0.168480 -0.986353
v 0.200664 -0.185634 -0.969200
v 0.339653 -0.178266 -0.936298
v 0.363912 -0.195420 -0.919144
v 0.363912 -0.234249 -0.957974
v 0.339653 -0.217095 -0.975127
v 0.346252 -0.249762 -0.837052
v 0.321994 -0.266915 -0.819899
v 0.321994 -0.305745 -0.858728
v 0.346252 -0.288591 -0.875881
v 0.217607 0.100837 -0.391264
v 0.193348 0.117991 -0.408417
v 0.193348 0.081854 -0.444554
v 0.217607 0.064700 -0.427401
v 0.144586 0.214387 -0.515123
v 0.168844 0.231540 -0.532277
v 0.168844 0.195403 -0.568414
v 0.144586 0.178250 -0.551260
v 0.302057 0.280416 -0.575680
v 0.326316 0.263262 -0.558527
v 0.326316 0.227125 -0.594664
v 0.302057 0.244279 -0.611817
v 0.392838 0.161115 -0.448524
v 0.368579 0.143961 -0.431370
v 0.368579 0.107824 -0.467507
v 0.392838 0.124978 -0.484661
v -0.008120 0.107801 -0.892075
v -0.008120 0.132060 -0.867817
v 0.016138 0.149213 -0.884970
v 0.016138 0.124955 -0.909229
v 0.535273 -0.276436 -0.507838
v 0.535273 -0.252177 -0.483580
v 0.559531 -0.235024 -0.500733
v 0.559531 -0.259282 -0.524992
v 0.070640 0.040353 -0.841559
v 0.197125 -0.040989 -0.746317
v 0.314065 -0.123679 -0.663628
v 0.443447 -0.231932 -0.578299
v 0.437032 -0.192191 -0.531370
v 0.314065 -0.096388 -0.636337
v 0.197125 -0.013698 -0.719026
v 0.074986 0.072039 -0.801731
v 0.480566 -0.154844 -0.556274
v 0.341356 -0.077090 -0.655635
v 0.224416 0.005599 -0.738324
v 0.104676 0.100040 -0.833931
v 0.486981 -0.194586 -0.603203
v 0.341356 -0.104381 -0.682925
v 0.224416 -0.021692 -0.765615
v 0.100330 0.068354 -0.873759
v 0.255342 -0.082155 -0.705151
v 0.255342 -0.054864 -0.677860
v 0.282633 -0.035567 -0.697158
v 0.282633 -0.062858 -0.724449
v 0.382714 -0.188988 -0.621243
v 0.376299 -0.149246 -0.574314
v 0.419834 -0.111900 -0.599219
v 0.426249 -0.151641 -0.646148
v 0.133058 -0.003783 -0.797423
v 0.137404 0.027902 -0.757594
v 0.167094 0.055903 -0.789794
v 0.162748 0.024218 -0.829622
v 0.111505 0.004075 -0.789660
v 0.111505 0.031366 -0.762369
v 0.067822 0.062255 -0.793257
v 0.067822 0.034964 -0.820548
v 0.128976 0.052680 -0.760868
v 0.156267 0.071977 -0.780165
v 0.112584 0.102866 -0.811054
v 0.085293 0.083568 -0.791756
v 0.020735 0.018519 -0.791315
v 0.020735 0.042778 -0.767056
v -0.018094 0.070235 -0.794513
v -0.018094 0.045976 -0.818771
v 0.112950 0.143457 -0.764156
v 0.137208 0.160610 -0.781309
v 0.098379 0.188067 -0.808766
v 0.074120 0.170913 -0.791613
v 0.154722 0.120910 -0.898654
v 0.154722 0.096651 -0.922913
v 0.115893 0.124108 -0.950369
v 0.115893 0.148366 -0.926110
v 0.111530 0.007081 -0.912156
v 0.087272 -0.010073 -0.895003
v 0.048442 0.017384 -0.922459
v 0.072701 0.034537 -0.939613
v 0.411747 -0.313097 -0.530642
v 0.411747 -0.288838 -0.506384
v 0.375610 -0.263285 -0.531936
v 0.375610 -0.287544 -0.556195
v 0.454018 -0.155468 -0.447375
v 0.478277 -0.138315 -0.464529
v 0.442140 -0.112762 -0.490082
v 0.417881 -0.129916 -0.472928
v 0.580245 -0.104063 -0.566743
v 0.580245 -0.128322 -0.591002
v 0.544108 -0.102769 -0.616554
v 0.544108 -0.078510 -0.592296
v 0.542427 -0.268885 -0.666973
v 0.518168 -0.286039 -0.649820
v 0.482031 -0.260486 -0.675373
v 0.506290 -0.243333 -0.692526
v 0.024162 -0.247352 -0.536922
v 0.024162 -0.223093 -0.512664
v -0.000097 -0.205940 -0.529817
v -0.000097 -0.230198 -0.554076
v 0.567555 0.136885 -0.921159
v 0.567555 0.161144 -0.896900
v 0.543296 0.178297 -0.914054
v 0.543296 0.154039 -0.938312
v 0.107576 -0.200126 -0.601080
v 0.232439 -0.103738 -0.683568
v 0.349379 -0.021049 -0.766258
v 0.486263 0.058976 -0.869207
v 0.491346 0.097775 -0.821335
v 0.349379 0.006242 -0.738967
v 0.232439 -0.076447 -0.656277
v 0.113333 -0.161296 -0.568396
v 0.447327 0.134779 -0.845898
v 0.322088 0.025540 -0.758264
v 0.205148 -0.057149 -0.675575
v 0.070765 -0.142401 -0.591490
v 0.442245 0.095980 -0.893769
v 0.322088 -0.001751 -0.785555
v 0.205148 -0.084440 -0.702866
v 0.065007 -0.181231 -0.624173
v 0.290657 -0.062572 -0.724735
v 0.290657 -0.035281 -0.697444
v 0.263366 -0.015983 -0.716741
v 0.263366 -0.043274 -0.744032
v 0.425530 0.016032 -0.826262
v 0.430613 0.054831 -0.778391
v 0.386595 0.091835 -0.802954
v 0.381512 0.053036 -0.850825
v 0.169994 -0.155990 -0.645216
v 0.175751 -0.117160 -0.612533
v 0.133183 -0.098265 -0.635626
v 0.127425 -0.137095 -0.668310
v 0.169926 -0.163419 -0.622166
v 0.169926 -0.136128 -0.594875
v 0.126243 -0.167017 -0.563986
v 0.126243 -0.194308 -0.591277
v 0.155916 -0.112367 -0.595821
v 0.128625 -0.093069 -0.615119
v 0.084942 -0.123958 -0.584230
v 0.112233 -0.143256 -0.564933
v 0.158542 -0.221209 -0.551587
v 0.158542 -0.196950 -0.527328
v 0.119713 -0.224407 -0.499872
v 0.119713 -0.248665 -0.524130
v 0.089402 -0.079955 -0.540744
v 0.065143 -0.062802 -0.557898
v 0.026314 -0.090258 -0.530441
v 0.050573 -0.107412 -0.513288
v 0.010241 -0.128940 -0.648804
v 0.010241 -0.153199 -0.673063
v -0.028589 -0.180655 -0.645606
v -0.028589 -0.156397 -0.621348
v 0.081182 -0.223147 -0.681929
v 0.105441 -0.240300 -0.664775
v 0.066612 -0.267757 -0.637319
v 0.042353 -0.250603 -0.654472
v 0.577353 0.019807 -0.863545
v 0.577353 0.044065 -0.839287
v 0.541216 0.018512 -0.813734
v 0.541216 -0.005746 -0.837993
v 0.524772 0.170144 -0.772988
v 0.500513 0.187298 -0.790142
v 0.464376 0.161745 -0.764589
v 0.488635 0.144592 -0.747436
v 0.404017 0.225419 -0.896225
v 0.404017 0.201160 -0.920483
v 0.367880 0.175608 -0.894931
v 0.367880 0.199866 -0.870672
v 0.449690 0.066151 -1.002010
v 0.473949 0.048998 -0.984857
v 0.437812 0.023445 -0.959304
v 0.413554 0.040599 -0.976457
usemtl Material.001
s 1
f 9 16 2 1
f 16 20 3 2
f 20 24 4 3
f 24 9 1 4
f 1 2 3 4
f 8 7 6 5
f 5 6 13 12
f 29 30 14 11
f 25 26 15 10
f 6 7 17 13
f 30 31 18 14
f 26 27 19 15
f 7 8 21 17
f 31 32 22 18
f 27 28 23 19
f 8 5 12 21
f 32 29 11 22
f 28 25 10 23
f 11 14 26 25
f 14 18 27 26
f 18 22 28 27
f 22 11 25 28
f 10 15 34 33
f 15 19 35 34
f 19 23 36 35
f 23 10 33 36
f 34 38 37 33
f 16 39 38 34
f 9 40 39 16
f 33 37 40 9
f 35 42 41 34
f 20 43 42 35
f 16 44 43 20
f 34 41 44 16
f 45 46 47 48
f 38 46 45 37
f 39 47 46 38
f 40 48 47 39
f 37 45 48 40
f 49 50 51 52
f 42 50 49 41
f 43 51 50 42
f 44 52 51 43
f 41 49 52 44
f 53 54 55 56
f 36 54 53 35
f 24 55 54 36
f 20 56 55 24
f 35 53 56 20
f 57 58 59 60
f 33 58 57 36
f 9 59 58 33
f 24 60 59 9
f 36 57 60 24
f 61 62 63 64
f 13 62 61 12
f 30 63 62 13
f 29 64 63 30
f 12 61 64 29
f 65 66 67 68
f 17 66 65 13
f 31 67 66 17
f 30 68 67 31
f 13 65 68 30
f 69 70 71 72
f 21 70 69 17
f 32 71 70 21
f 31 72 71 32
f 17 69 72 31
f 73 74 75 76
f 12 74 73 21
f 29 75 74 12
f 32 76 75 29
f 21 73 76 32
f 85 92 78 77
f 92 96 79 78
f 96 100 80 79
f 100 85 77 80
f 77 78 79 80
f 84 83 82 81
f 81 82 89 88
f 105 106 90 87
f 101 102 91 86
f 82 83 93 89
f 106 107 94 90
f 102 103 95 91
f 83 84 97 93
f 107 108 98 94
f 103 104 99 95
f 84 81 88 97
f 108 105 87 98
f 104 101 86 99
f 87 90 102 101
f 90 94 103 102
f 94 98 104 103
f 98 87 101 104
f 86 91 110 109
f 91 95 111 110
f 95 99 112 111
f 99 86 109 112
f 110 114 113 109
f 92 115 114 110
f 85 116 115 92
f 109 113 116 85
f 111 118 117 110
f 96 119 118 111
f 92 120 119 96
f 110 117 120 92
f 121 122 123 124
f 114 122 121 113
f 115 123 122 114
f 116 124 123 115
f 113 121 124 116
f 125 126 127 128
f 118 126 125 117
f 119 127 126 118
f 120 128 127 119
f 117 125 128 120
f 129 130 131 132
f 112 130 129 111
f 100 131 130 112
f 96 132 131 100
f 111 129 132 96
f 133 134 135 136
f 109 134 133 112
f 85 135 134 109
f 100 136 135 85
f 112 133 136 100
f 137 138 139 140
f 89 138 137 88
f 106 139 138 89
f 105 140 139 106
f 88 137 140 105
f 141 142 143 144
f 93 142 141 89
f 107 143 142 93
f 106 144 143 107
f 89 141 144 106
f 145 146 147 148
f 97 146 145 93
f 108 147 146 97
f 107 148 147 108
f 93 145 148 107
f 149 150 151 152
f 88 150 149 97
f 105 151 150 88
f 108 152 151 105
f 97 149 152 108
f 161 168 154 153
f 168 172 155 154
f 172 176 156 155
f 176 161 153 156
f 153 154 155 156
f 160 159 158 157
f 157 158 165 164
f 181 182 166 163
f 177 178 167 162
f 158 159 169 165
f 182 183 170 166
f 178 179 171 167
f 159 160 173 169
f 183 184 174 170
f 179 180 175 171
f 160 157 164 173
f 184 181 163 174
f 180 177 162 175
f 163 166 178 177
f 166 170 179 178
f 170 174 180 179
f 174 163 177 180
f 162 167 186 185
f 167 171 187 186
f 171 175 188 187
f 175 162 185 188
f 186 190 189 185
f 168 191 190 186
f 161 192 191 168
f 185 189 192 161
f 187 194 193 186
f 172 195 194 187
f 168 196 195 172
f 186 193 196 168
f 197 198 199 200
f 190 198 197 189
f 191 199 198 190
f 192 200 199 191
f 189 197 200 192
f 201 202 203 204
f 194 202 201 193
f 195 203 202 194
f 196 204 203 195
f 193 201 204 196
f 205 206 207 208
f 188 206 205 187
f 176 207 206 188
f 172 208 207 176
f 187 205 208 172
f 209 210 211 212
f 185 210 209 188
f 161 211 210 185
f 176 212 211 161
f 188 209 212 176
f 213 214 215 216
f 165 214 213 164
f 182 215 214 165
f 181 216 215 182
f 164 213 216 181
f 217 218 219 220
f 169 218 217 165
f 183 219 218 169
f 182 220 219 183
f 165 217 220 182
f 221 222 223 224
f 173 222 221 169
f 184 223 222 173
f 183 224 223 184
f 169 221 224 183
f 225 226 227 228
f 164 226 225 173
f 181 227 226 164
f 184 228 227 181
f 173 225 228 184
f 237 244 230 229
f 244 248 231 230
f 248 252 232 231
f 252 237 229 232
f 229 230 231 232
f 236 235 234 233
f 233 234 241 240
f 257 258 242 239
f 253 254 243 238
f 234 235 245 241
f 258 259 246 242
f 254 255 247 243
f 235 236 249 245
f 259 260 250 246
f 255 256 251 247
f 236 233 240 249
f 260 257 239 250
f 256 253 238 251
f 239 242 254 253
f 242 246 255 254
f 246 250 256 255
f 250 239 253 256
f 238 243 262 261
f 243 247 263 262
f 247 251 264 263
f 251 238 261 264
f 262 266 265 261
f 244 267 266 262
f 237 268 267 244
f 261 265 268 237
f 263 270 269 262
f 248 271 270 263
f 244 272 271 248
f 262 269 272 244
f 273 274 275 276
f 266 274 273 265
f 267 275 274 266
f 268 276 275 267
f 265 273 276 268
f 277 278 279 280
f 270 278 277 269
f 271 279 278 270
f 272 280 279 271
f 269 277 280 272
f 281 282 283 284
f 264 282 281 263
f 252 283 282 264
f 248 284 283 252
f 263 281 284 248
f 285 286 287 288
f 261 286 285 264
f 237 287 286 261
f 252 288 287 237
f 264 285 288 252
f 289 290 291 292
f 241 290 289 240
f 258 291 290 241
f 257 292 291 258
f 240 289 292 257
f 293 294 295 296
f 245 294 293 241
f 259 295 294 245
f 258 296 295 259
f 241 293 296 258
f 297 298 299 300
f 249 298 297 245
f 260 299 298 249
f 259 300 299 260
f 245 297 300 259
f 301 302 303 304
f 240 302 301 249
f 257 303 302 240
f 260 304 303 257
f 249 301 304 260
f 313 320 306 305
f 320 324 307 306
f 324 328 308 307
f 328 313 305 308
f 305 306 307 308
f 312 311 310 309
f 309 310 317 316
f 333 334 318 315
f 329 330 319 314
f 310 311 321 317
f 334 335 322 318
f 330 331 323 319
f 311 312 325 321
f 335 336 326 322
f 331 332 327 323
f 312 309 316 325
f 336 333 315 326
f 332 329 314 327
f 315 318 330 329
f 318 322 331 330
f 322 326 332 331
f 326 315 329 332
f 314 319 338 337
f 319 323 339 338
f 323 327 340 339
f 327 314 337 340
f 338 342 341 337
f 320 343 342 338
f 313 344 343 320
f 337 341 344 313
f 339 346 345 338
f 324 347 346 339
f 320 348 347 324
f 338 345 348 320
f 349 350 351 352
f 342 350 349 341
f 343 351 350 342
f 344 352 351 343
f 341 349 352 344
f 353 354 355 356
f 346 354 353 345
f 347 355 354 346
f 348 356 355 347
f 345 353 356 348
f 357 358 359 360
f 340 358 357 339
f 328 359 358 340
f 324 360 359 328
f 339 357 360 324
f 361 362 363 364
f 337 362 361 340
f 313 363 362 337
f 328 364 363 313
f 340 361 364 328
f 365 366 367 368
f 317 366 365 316
f 334 367 366 317
f 333 368 367 334
f 316 365 368 333
f 369 370 371 372
f 321 370 369 317
f 335 371 370 321
f 334 372 371 335
f 317 369 372 334
f 373 374 375 376
f 325 374 373 321
f 336 375 374 325
f 335 376 375 336
f 321 373 376 335
f 377 378 379 380
f 316 378 377 325
f 333 379 378 316
f 336 380 379 333
f 325 377 380 336
f 389 396 382 381
f 396 400 383 382
f 400 404 384 383
f 404 389 381 384
f 381 382 383 384
f 388 387 386 385
f 385 386 393 392
f 409 410 394 391
f 405 406 395 390
f 386 387 397 393
f 410 411 398 394
f 406 407 399 395
f 387 388 401 397
f 411 412 402 398
f 407 408 403 399
f 388 385 392 401
f 412 409 391 402
f 408 405 390 403
f 391 394 406 405
f 394 398 407 406
f 398 402 408 407
f 402 391 405 408
f 390 395 414 413
f 395 399 415 414
f 399 403 416 415
f 403 390 413 416
f 414 418 417 413
f 396 419 418 414
f 389 420 419 396
f 413 417 420 389
f 415 422 421 414
f 400 423 422 415
f 396 424 423 400
f 414 421 424 396
f 425 426 427 428
f 418 426 425 417
f 419 427 426 418
f 420 428 427 419
f 417 425 428 420
f 429 430 431 432
f 422 430 429 421
f 423 431 430 422
f 424 432 431 423
f 421 429 432 424
f 433 434 435 436
f 416 434 433 415
f 404 435 434 416
f 400 436 435 404
f 415 433 436 400
f 437 438 439 440
f 413 438 437 416
f 389 439 438 413
f 404 440 439 389
f 416 437 440 404
f 441 442 443 444
f 393 442 441 392
f 410 443 442 393
f 409 444 443 410
f 392 441 444 409
f 445 446 447 448
f 397 446 445 393
f 411 447 446 397
f 410 448 447 411
f 393 445 448 410
f 449 450 451 452
f 401 450 449 397
f 412 451 450 401
f 411 452 451 412
f 397 449 452 411
f 453 454 455 456
f 392 454 453 401
f 409 455 454 392
f 412 456 455 409
f 401 453 456 412
f 465 472 458 457
f 472 476 459 458
f 476 480 460 459
f 480 465 457 460
f 457 458 459 460
f 464 463 462 461
f 461 462 469 468
f 485 486 470 467
f 481 482 471 466
f 462 463 473 469
f 486 487 474 470
f 482 483 475 471
f 463 464 477 473
f 487 488 478 474
f 483 484 479 475
f 464 461 468 477
f 488 485 467 478
f 484 481 466 479
f 467 470 482 481
f 470 474 483 482
f 474 478 484 483
f 478 467 481 484
f 466 471 490 489
f 471 475 491 490
f 475 479 492 491
f 479 466 489 492
f 490 494 493 489
f 472 495 494 490
f 465 496 495 472
f 489 493 496 465
f 491 498 497 490
f 476 499 498 491
f 472 500 499 476
f 490 497 500 472
f 501 502 503 504
f 494 502 501 493
f 495 503 502 494
f 496 504 503 495
f 493 501 504 496
f 505 506 507 508
f 498 506 505 497
f 499 507 506 498
f 500 508 507 499
f 497 505 508 500
f 509 510 511 512
f 492 510 509 491
f 480 511 510 492
f 476 512 511 480
f 491 509 512 476
f 513 514 515 516
f 489 514 513 492
f 465 515 514 489
f 480 516 515 465
f 492 513 516 480
f 517 518 519 520
f 469 518 517 468
f 486 519 518 469
f 485 520 519 486
f 468 517 520 485
f 521 522 523 524
f 473 522 521 469
f 487 523 522 473
f 486 524 523 487
f 469 521 524 486
f 525 526 527 528
f 477 526 525 473
f 488 527 526 477
f 487 528 527 488
f 473 525 528 487
f 529 530 531 532
f 468 530 529 477
f 485 531 530 468
f 488 532 531 485
f 477 529 532 488
f 541 548 534 533
f 548 552 535 534
f 552 556 536 535
f 556 541 533 536
f 533 534 535 536
f 540 539 538 537
f 537 538 545 544
f 561 562 546 543
f 557 558 547 542
f 538 539 549 545
f 562 563 550 546
f 558 559 551 547
f 539 540 553 549
f 563 564 554 550
f 559 560 555 551
f 540 537 544 553
f 564 561 543 554
f 560 557 542 555
f 543 546 558 557
f 546 550 559 558
f 550 554 560 559
f 554 543 557 560
f 542 547 566 565
f 547 551 567 566
f 551 555 568 567
f 555 542 565 568
f 566 570 569 565
f 548 571 570 566
f 541 572 571 548
f 565 569 572 541
f 567 574 573 566
f 552 575 574 567
f 548 576 575 552
f 566 573 576 548
f 577 578 579 580
f 570 578 577 569
f 571 579 578 570
f 572 580 579 571
f 569 577 580 572
f 581 582 583 584
f 574 582 581 573
f 575 583 582 574
f 576 584 583 575
f 573 581 584 576
f 585 586 587 588
f 568 586 585 567
f 556 587 586 568
f 552 588 587 556
f 567 585 588 552
f 589 590 591 592
f 565 590 589 568
f 541 591 590 565
f 556 592 591 541
f 568 589 592 556
f 593 594 595 596
f 545 594 593 544
f 562 595 594 545
f 561 596 595 562
f 544 593 596 561
f 597 598 599 600
f 549 598 597 545
f 563 599 598 549
f 562 600 599 563
f 545 597 600 562
f 601 602 603 604
f 553 602 601 549
f 564 603 602 553
f 563 604 603 564
f 549 601 604 563
f 605 606 607 608
f 544 606 605 553
f 561 607 606 544
f 564 608 607 561
f 553 605 608 564
f 617 624 610 609
f 624 628 611 610
f 628 632 612 611
f 632 617 609 612
f 609 610 611 612
f 616 615 614 613
f 613 614 621 620
f 637 638 622 619
f 633 634 623 618
f 614 615 625 621
f 638 639 626 622
f 634 635 627 623
f 615 616 629 625
f 639 640 630 626
f 635 636 631 627
f 616 613 620 629
f 640 637 619 630
f 636 633 618 631
f 619 622 634 633
f 622 626 635 634
f 626 630 636 635
f 630 619 633 636
f 618 623 642 641
f 623 627 643 642
f 627 631 644 643
f 631 618 641 644
f 642 646 645 641
f 624 647 646 642
f 617 648 647 624
f 641 645 648 617
f 643 650 649 642
f 628 651 650 643
f 624 652 651 628
f 642 649 652 624
f 653 654 655 656
f 646 654 653 645
f 647 655 654 646
f 648 656 655 647
f 645 653 656 648
f 657 658 659 660
f 650 658 657 649
f 651 659 658 650
f 652 660 659 651
f 649 657 660 652
f 661 662 663 664
f 644 662 661 643
f 632 663 662 644
f 628 664 663 632
f 643 661 664 628
f 665 666 667 668
f 641 666 665 644
f 617 667 666 641
f 632 668 667 617
f 644 665 668 632
f 669 670 671 672
f 621 670 669 620
f 638 671 670 621
f 637 672 671 638
f 620 669 672 637
f 673 674 675 676
f 625 674 673 621
f 639 675 674 625
f 638 676 675 639
f 621 673 676 638
f 677 678 679 680
f 629 678 677 625
f 640 679 678 629
f 639 680 679 640
f 625 677 680 639
f 681 682 683 684
f 620 682 681 629
f 637 683 682 620
f 640 684 683 637
f 629 681 684 640
